(miniconda3-4.7.12) (base) (master)⚡ % zsolve 30bit_4                                                                                                                        ~/src/github.com/twinkle13531/master_degree/202012/4ti2/30bit/4
-------------------------------------------------
4ti2 version 1.6.9
Copyright 1998, 2002, 2006, 2015 4ti2 team.
4ti2 comes with ABSOLUTELY NO WARRANTY.
This is free software, and you are welcome
to redistribute it under certain conditions.
For details, see the file COPYING.
-------------------------------------------------

Using 32 bit integers.

Linear system to solve:

1 1 1 1 1 1 1 1 1 1 1 1 1 1 1 1 1 1 1 1 1 1 1 1 1 1 1 1 1 1
0 0 0 0 0 0 0 0 0 0 0 0 0 0 0 0 0 0 0 0 0 0 0 0 0 0 0 0 0 0
B B B B B B B B B B B B B B B B B B B B B B B B B B B B B B

1 1 1 1 1 1 1 1 1 1 1 1 1 1 1 1 1 1 1 1 1 1 1 1 1 1 1 1 1 1 = 21
1 1 1 1 0 0 0 0 1 1 0 1 1 1 1 0 1 1 1 1 1 0 1 0 1 0 1 1 0 1 = 13
0 0 1 1 1 1 1 1 0 1 0 0 1 1 1 0 0 1 1 1 1 0 0 1 0 0 0 1 1 0 = 11

Linear system of homogeneous equalities to solve:

1 1 1 1 1 1 1 1 1 1 1 1 1 1 1 1 1 1 1 1 1 1 1 1 1 1 1 1 1 1   1
0 0 0 0 0 0 0 0 0 0 0 0 0 0 0 0 0 0 0 0 0 0 0 0 0 0 0 0 0 0   0
B B B B B B B B B B B B B B B B B B B B B B B B B B B B B B   B

1 1 1 1 1 1 1 1 1 1 1 1 1 1 1 1 1 1 1 1 1 1 1 1 1 1 1 1 1 1 -21 = 0
1 1 1 1 0 0 0 0 1 1 0 1 1 1 1 0 1 1 1 1 1 0 1 0 1 0 1 1 0 1 -13 = 0
0 0 1 1 1 1 1 1 0 1 0 0 1 1 1 0 0 1 1 1 1 0 0 1 0 0 0 1 1 0 -11 = 0

Lattice:

1  1  1 1 1 1 1 1 1 1 1 1 1 1 1 1 1 1 1 1 1 1 1 1 1  1 1 1 1 1 1
0  0  0 0 0 0 0 0 0 0 0 0 0 0 0 0 0 0 0 0 0 0 0 0 0  0 0 0 0 0 0
B  B  B B B B B B B B B B B B B B B B B B B B B B B  B B B B B B

1 -1  0 0 0 0 0 0 0 0 0 0 0 0 0 0 0 0 0 0 0 0 0 0 0  0 0 0 0 0 0
0  0 -1 1 0 0 0 0 0 0 0 0 0 0 0 0 0 0 0 0 0 0 0 0 0  0 0 0 0 0 0
0  1 -1 0 1 0 0 0 0 0 0 0 0 0 0 0 0 0 0 0 0 0 0 0 0 -1 0 0 0 0 0
0  1 -1 0 0 1 0 0 0 0 0 0 0 0 0 0 0 0 0 0 0 0 0 0 0 -1 0 0 0 0 0
0  1 -1 0 0 0 1 0 0 0 0 0 0 0 0 0 0 0 0 0 0 0 0 0 0 -1 0 0 0 0 0
0  1 -1 0 0 0 0 1 0 0 0 0 0 0 0 0 0 0 0 0 0 0 0 0 0 -1 0 0 0 0 0
0 -1  0 0 0 0 0 0 1 0 0 0 0 0 0 0 0 0 0 0 0 0 0 0 0  0 0 0 0 0 0
0  0 -1 0 0 0 0 0 0 1 0 0 0 0 0 0 0 0 0 0 0 0 0 0 0  0 0 0 0 0 0
0  0  0 0 0 0 0 0 0 0 1 0 0 0 0 0 0 0 0 0 0 0 0 0 0 -1 0 0 0 0 0
0 -1  0 0 0 0 0 0 0 0 0 1 0 0 0 0 0 0 0 0 0 0 0 0 0  0 0 0 0 0 0
0  0 -1 0 0 0 0 0 0 0 0 0 1 0 0 0 0 0 0 0 0 0 0 0 0  0 0 0 0 0 0
0  0 -1 0 0 0 0 0 0 0 0 0 0 1 0 0 0 0 0 0 0 0 0 0 0  0 0 0 0 0 0
0  0 -1 0 0 0 0 0 0 0 0 0 0 0 1 0 0 0 0 0 0 0 0 0 0  0 0 0 0 0 0
0  0  0 0 0 0 0 0 0 0 0 0 0 0 0 1 0 0 0 0 0 0 0 0 0 -1 0 0 0 0 0
0 -1  0 0 0 0 0 0 0 0 0 0 0 0 0 0 1 0 0 0 0 0 0 0 0  0 0 0 0 0 0
0  0 -1 0 0 0 0 0 0 0 0 0 0 0 0 0 0 1 0 0 0 0 0 0 0  0 0 0 0 0 0
0  0 -1 0 0 0 0 0 0 0 0 0 0 0 0 0 0 0 1 0 0 0 0 0 0  0 0 0 0 0 0
0  0 -1 0 0 0 0 0 0 0 0 0 0 0 0 0 0 0 0 1 0 0 0 0 0  0 0 0 0 0 0
0  0 -1 0 0 0 0 0 0 0 0 0 0 0 0 0 0 0 0 0 1 0 0 0 0  0 0 0 0 0 0
0  0  0 0 0 0 0 0 0 0 0 0 0 0 0 0 0 0 0 0 0 1 0 0 0 -1 0 0 0 0 0
0 -1  0 0 0 0 0 0 0 0 0 0 0 0 0 0 0 0 0 0 0 0 1 0 0  0 0 0 0 0 0
0  1 -1 0 0 0 0 0 0 0 0 0 0 0 0 0 0 0 0 0 0 0 0 1 0 -1 0 0 0 0 0
0 -1  0 0 0 0 0 0 0 0 0 0 0 0 0 0 0 0 0 0 0 0 0 0 1  0 0 0 0 0 0
0  2 11 0 0 0 0 0 0 0 0 0 0 0 0 0 0 0 0 0 0 0 0 0 0  8 0 0 0 0 1
0 -1  0 0 0 0 0 0 0 0 0 0 0 0 0 0 0 0 0 0 0 0 0 0 0  0 1 0 0 0 0
0  0 -1 0 0 0 0 0 0 0 0 0 0 0 0 0 0 0 0 0 0 0 0 0 0  0 0 1 0 0 0
0  1 -1 0 0 0 0 0 0 0 0 0 0 0 0 0 0 0 0 0 0 0 0 0 0 -1 0 0 1 0 0
0 -1  0 0 0 0 0 0 0 0 0 0 0 0 0 0 0 0 0 0 0 0 0 0 0  0 0 0 0 1 0

Variable: 31, Sum: 22, Norm: 1, Solutions: 1986814, Time: 116846.00s
Final basis has 839916 inhomogeneous, 0 homogeneous and 0 free elements. Time: 140234.05s
