(miniconda3-4.7.12) (base) (master)⚡ % zsolve 25bit_1                                  ~/src/github.com/twinkle13531/master_degree/202012/4ti2/25bit/1
-------------------------------------------------
4ti2 version 1.6.9
Copyright 1998, 2002, 2006, 2015 4ti2 team.
4ti2 comes with ABSOLUTELY NO WARRANTY.
This is free software, and you are welcome
to redistribute it under certain conditions.
For details, see the file COPYING.
-------------------------------------------------

Using 32 bit integers.

Linear system to solve:

1 1 1 1 1 1 1 1 1 1 1 1 1 1 1 1 1 1 1 1 1 1 1 1 1
0 0 0 0 0 0 0 0 0 0 0 0 0 0 0 0 0 0 0 0 0 0 0 0 0
B B B B B B B B B B B B B B B B B B B B B B B B B

1 1 1 1 1 1 1 1 1 1 1 1 1 1 1 1 1 1 1 1 1 1 1 1 1 = 13
0 1 1 0 1 0 0 1 1 0 1 0 1 0 1 1 0 1 1 0 1 1 1 1 1 =  5
1 0 0 0 0 1 0 1 0 1 1 1 1 1 1 1 1 1 1 0 0 1 1 0 1 =  7

Linear system of homogeneous equalities to solve:

1 1 1 1 1 1 1 1 1 1 1 1 1 1 1 1 1 1 1 1 1 1 1 1 1   1
0 0 0 0 0 0 0 0 0 0 0 0 0 0 0 0 0 0 0 0 0 0 0 0 0   0
B B B B B B B B B B B B B B B B B B B B B B B B B   B

1 1 1 1 1 1 1 1 1 1 1 1 1 1 1 1 1 1 1 1 1 1 1 1 1 -13 = 0
0 1 1 0 1 0 0 1 1 0 1 0 1 0 1 1 0 1 1 0 1 1 1 1 1  -5 = 0
1 0 0 0 0 1 0 1 0 1 1 1 1 1 1 1 1 1 1 0 0 1 1 0 1  -7 = 0

Lattice:

 1  1 1 1 1 1 1 1 1 1 1 1 1 1 1 1 1 1 1  1 1 1 1 1 1 1
 0  0 0 0 0 0 0 0 0 0 0 0 0 0 0 0 0 0 0  0 0 0 0 0 0 0
 B  B B B B B B B B B B B B B B B B B B  B B B B B B B

 0 -1 1 0 0 0 0 0 0 0 0 0 0 0 0 0 0 0 0  0 0 0 0 0 0 0
 0  0 0 1 0 0 0 0 0 0 0 0 0 0 0 0 0 0 0 -1 0 0 0 0 0 0
 0 -1 0 0 1 0 0 0 0 0 0 0 0 0 0 0 0 0 0  0 0 0 0 0 0 0
-1  0 0 0 0 1 0 0 0 0 0 0 0 0 0 0 0 0 0  0 0 0 0 0 0 0
 0  0 0 0 0 0 1 0 0 0 0 0 0 0 0 0 0 0 0 -1 0 0 0 0 0 0
-1 -1 0 0 0 0 0 1 0 0 0 0 0 0 0 0 0 0 0  1 0 0 0 0 0 0
 0 -1 0 0 0 0 0 0 1 0 0 0 0 0 0 0 0 0 0  0 0 0 0 0 0 0
-1  0 0 0 0 0 0 0 0 1 0 0 0 0 0 0 0 0 0  0 0 0 0 0 0 0
-1 -1 0 0 0 0 0 0 0 0 1 0 0 0 0 0 0 0 0  1 0 0 0 0 0 0
-1  0 0 0 0 0 0 0 0 0 0 1 0 0 0 0 0 0 0  0 0 0 0 0 0 0
-1 -1 0 0 0 0 0 0 0 0 0 0 1 0 0 0 0 0 0  1 0 0 0 0 0 0
-1  0 0 0 0 0 0 0 0 0 0 0 0 1 0 0 0 0 0  0 0 0 0 0 0 0
-1 -1 0 0 0 0 0 0 0 0 0 0 0 0 1 0 0 0 0  1 0 0 0 0 0 0
-1 -1 0 0 0 0 0 0 0 0 0 0 0 0 0 1 0 0 0  1 0 0 0 0 0 0
-1  0 0 0 0 0 0 0 0 0 0 0 0 0 0 0 1 0 0  0 0 0 0 0 0 0
-1 -1 0 0 0 0 0 0 0 0 0 0 0 0 0 0 0 1 0  1 0 0 0 0 0 0
-1 -1 0 0 0 0 0 0 0 0 0 0 0 0 0 0 0 0 1  1 0 0 0 0 0 0
 7  5 0 0 0 0 0 0 0 0 0 0 0 0 0 0 0 0 0  1 0 0 0 0 0 1
 0 -1 0 0 0 0 0 0 0 0 0 0 0 0 0 0 0 0 0  0 1 0 0 0 0 0
-1 -1 0 0 0 0 0 0 0 0 0 0 0 0 0 0 0 0 0  1 0 1 0 0 0 0
-1 -1 0 0 0 0 0 0 0 0 0 0 0 0 0 0 0 0 0  1 0 0 1 0 0 0
 0 -1 0 0 0 0 0 0 0 0 0 0 0 0 0 0 0 0 0  0 0 0 0 1 0 0
-1 -1 0 0 0 0 0 0 0 0 0 0 0 0 0 0 0 0 0  1 0 0 0 0 1 0

Variable: 25, Sum: 10, Norm: 2, Solutions: 2491, Time:  0.36s
Final basis has 5850 inhomogeneous, 0 homogeneous and 0 free elements. Time:  1.45s

