(miniconda3-4.7.12) (base) (master)⚡ % zsolve 25bit_0                                               ~/src/github.com/twinkle13531/master_degree/202012/4ti2/25bit/0
-------------------------------------------------
4ti2 version 1.6.9
Copyright 1998, 2002, 2006, 2015 4ti2 team.
4ti2 comes with ABSOLUTELY NO WARRANTY.
This is free software, and you are welcome
to redistribute it under certain conditions.
For details, see the file COPYING.
-------------------------------------------------

Using 32 bit integers.

Linear system to solve:

1 1 1 1 1 1 1 1 1 1 1 1 1 1 1 1 1 1 1 1 1 1 1 1 1
0 0 0 0 0 0 0 0 0 0 0 0 0 0 0 0 0 0 0 0 0 0 0 0 0
B B B B B B B B B B B B B B B B B B B B B B B B B

1 1 1 1 1 1 1 1 1 1 1 1 1 1 1 1 1 1 1 1 1 1 1 1 1 = 17
1 0 1 1 1 0 1 0 0 0 0 0 0 1 1 1 1 1 0 0 0 1 1 1 1 =  7
0 0 0 1 1 1 1 0 0 0 1 0 0 1 1 1 1 1 1 1 1 0 1 1 0 =  9

Linear system of homogeneous equalities to solve:

1 1 1 1 1 1 1 1 1 1 1 1 1 1 1 1 1 1 1 1 1 1 1 1 1   1
0 0 0 0 0 0 0 0 0 0 0 0 0 0 0 0 0 0 0 0 0 0 0 0 0   0
B B B B B B B B B B B B B B B B B B B B B B B B B   B

1 1 1 1 1 1 1 1 1 1 1 1 1 1 1 1 1 1 1 1 1 1 1 1 1 -17 = 0
1 0 1 1 1 0 1 0 0 0 0 0 0 1 1 1 1 1 0 0 0 1 1 1 1  -7 = 0
0 0 0 1 1 1 1 0 0 0 1 0 0 1 1 1 1 1 1 1 1 0 1 1 0  -9 = 0

Lattice:

1 1  1  1 1 1 1 1 1 1 1 1  1 1 1 1 1 1 1 1 1 1 1 1 1 1
0 0  0  0 0 0 0 0 0 0 0 0  0 0 0 0 0 0 0 0 0 0 0 0 0 0
B B  B  B B B B B B B B B  B B B B B B B B B B B B B B

0 1  0  0 0 0 0 0 0 0 0 0 -1 0 0 0 0 0 0 0 0 0 0 0 0 0
1 0 -1  0 0 0 0 0 0 0 0 0  0 0 0 0 0 0 0 0 0 0 0 0 0 0
0 0  0 -1 1 0 0 0 0 0 0 0  0 0 0 0 0 0 0 0 0 0 0 0 0 0
0 0  1 -1 0 1 0 0 0 0 0 0 -1 0 0 0 0 0 0 0 0 0 0 0 0 0
0 0  0 -1 0 0 1 0 0 0 0 0  0 0 0 0 0 0 0 0 0 0 0 0 0 0
0 0  0  0 0 0 0 1 0 0 0 0 -1 0 0 0 0 0 0 0 0 0 0 0 0 0
0 0  0  0 0 0 0 0 1 0 0 0 -1 0 0 0 0 0 0 0 0 0 0 0 0 0
0 0  0  0 0 0 0 0 0 1 0 0 -1 0 0 0 0 0 0 0 0 0 0 0 0 0
0 0  1 -1 0 0 0 0 0 0 1 0 -1 0 0 0 0 0 0 0 0 0 0 0 0 0
0 0  0  0 0 0 0 0 0 0 0 1 -1 0 0 0 0 0 0 0 0 0 0 0 0 0
0 0 -2  9 0 0 0 0 0 0 0 0 10 0 0 0 0 0 0 0 0 0 0 0 0 1
0 0  0 -1 0 0 0 0 0 0 0 0  0 1 0 0 0 0 0 0 0 0 0 0 0 0
0 0  0 -1 0 0 0 0 0 0 0 0  0 0 1 0 0 0 0 0 0 0 0 0 0 0
0 0  0 -1 0 0 0 0 0 0 0 0  0 0 0 1 0 0 0 0 0 0 0 0 0 0
0 0  0 -1 0 0 0 0 0 0 0 0  0 0 0 0 1 0 0 0 0 0 0 0 0 0
0 0  0 -1 0 0 0 0 0 0 0 0  0 0 0 0 0 1 0 0 0 0 0 0 0 0
0 0  1 -1 0 0 0 0 0 0 0 0 -1 0 0 0 0 0 1 0 0 0 0 0 0 0
0 0  1 -1 0 0 0 0 0 0 0 0 -1 0 0 0 0 0 0 1 0 0 0 0 0 0
0 0  1 -1 0 0 0 0 0 0 0 0 -1 0 0 0 0 0 0 0 1 0 0 0 0 0
0 0 -1  0 0 0 0 0 0 0 0 0  0 0 0 0 0 0 0 0 0 1 0 0 0 0
0 0  0 -1 0 0 0 0 0 0 0 0  0 0 0 0 0 0 0 0 0 0 1 0 0 0
0 0  0 -1 0 0 0 0 0 0 0 0  0 0 0 0 0 0 0 0 0 0 0 1 0 0
0 0 -1  0 0 0 0 0 0 0 0 0  0 0 0 0 0 0 0 0 0 0 0 0 1 0

Variable: 26, Sum: 18, Norm: 1, Solutions: 17613, Time:  4.75s
Final basis has 12600 inhomogeneous, 0 homogeneous and 0 free elements. Time:  5.47s
